Starting Part 1 ********************
Heap contents are: 
The Heap Count is    100
The Heap Capacity is 200
Level[0]-> (0,100) 
Level[1]-> (9,109) (1,101) 
Level[2]-> (26,126) (11,111) (2,102) (10,110) 
Level[3]-> (27,127) (29,129) (21,121) (13,113) (5,105) (3,103) (12,112) (18,118) 
Level[4]-> (28,128) (34,134) (35,135) (31,131) (58,158) (23,123) (19,119) (15,115) (51,151) (7,107) (4,104) (6,106) (43,143) (14,114) (20,120) (22,122) 
Level[5]-> (37,137) (30,130) (36,136) (38,138) (42,142) (46,146) (50,150) (33,133) (59,159) (62,162) (66,166) (25,125) (74,174) (61,161) (63,163) (17,117) (90,190) (73,173) (79,179) (41,141) (89,189) (53,153) (55,155) (8,108) (91,191) (49,149) (75,175) (16,116) (77,177) (45,145) (47,147) (24,124) 
Level[6]-> (99,199) (67,167) (81,181) (32,132) (87,187) (39,139) (57,157) (40,140) (93,193) (44,144) (69,169) (48,148) (71,171) (52,152) (54,154) (56,156) (95,195) (60,160) (65,165) (64,164) (83,183) (68,168) (70,170) (72,172) (85,185) (76,176) (78,178) (80,180) (82,182) (84,184) (86,186) (88,188) (97,197) (92,192) (94,194) (96,196) (98,198) 
0: RBI got (0,100) and TRUE
2: RBI got (2,102) and TRUE
4: RBI got (11,111) and TRUE
6: RBI got (10,110) and TRUE
8: RBI got (29,129) and TRUE

Done with removing KVs.
Heap contents are: 
The Heap Count is    95
The Heap Capacity is 200
Level[0]-> (1,101) 
Level[1]-> (9,109) (3,103) 
Level[2]-> (26,126) (13,113) (4,104) (12,112) 
Level[3]-> (27,127) (31,131) (21,121) (15,115) (5,105) (6,106) (14,114) (18,118) 
Level[4]-> (28,128) (34,134) (35,135) (33,133) (58,158) (23,123) (19,119) (17,117) (51,151) (7,107) (53,153) (8,108) (43,143) (16,116) (20,120) (22,122) 
Level[5]-> (37,137) (30,130) (36,136) (38,138) (42,142) (46,146) (50,150) (54,154) (59,159) (62,162) (66,166) (25,125) (74,174) (61,161) (63,163) (86,186) (90,190) (73,173) (79,179) (41,141) (89,189) (98,198) (55,155) (96,196) (91,191) (49,149) (75,175) (92,192) (77,177) (45,145) (47,147) (24,124) 
Level[6]-> (99,199) (67,167) (81,181) (32,132) (87,187) (39,139) (57,157) (40,140) (93,193) (44,144) (69,169) (48,148) (71,171) (52,152) (97,197) (56,156) (95,195) (60,160) (65,165) (64,164) (83,183) (68,168) (70,170) (72,172) (85,185) (76,176) (78,178) (80,180) (82,182) (84,184) (94,194) (88,188) 
Heap count after clear is now 0
Doing Part 1 again *************
Starting Part 1 ********************
Heap contents are: 
The Heap Count is    200
The Heap Capacity is 200
Level[0]-> (0,100) 
Level[1]-> (13,113) (1,101) 
Level[2]-> (47,147) (15,115) (2,102) (22,122) 
Level[3]-> (54,154) (49,149) (33,133) (17,117) (3,103) (6,106) (24,124) (38,138) 
Level[4]-> (56,156) (67,167) (59,159) (51,151) (43,143) (35,135) (27,127) (19,119) (11,111) (4,104) (8,108) (14,114) (26,126) (30,130) (40,140) (46,146) 
Level[5]-> (58,158) (62,162) (70,170) (69,169) (86,186) (61,161) (57,157) (53,153) (118,218) (45,145) (41,141) (37,137) (113,213) (29,129) (25,125) (21,121) (105,205) (77,177) (9,109) (5,105) (97,197) (10,110) (16,116) (18,118) (89,189) (28,128) (32,132) (34,134) (81,181) (42,142) (48,148) (50,150) 
Level[6]-> (75,175) (60,160) (64,164) (66,166) (72,172) (74,174) (78,178) (71,171) (88,188) (90,190) (94,194) (63,163) (102,202) (106,206) (110,210) (55,155) (120,220) (122,222) (126,226) (111,211) (134,234) (123,223) (125,225) (39,139) (150,250) (119,219) (158,258) (31,131) (163,263) (115,215) (117,217) (23,123) (182,282) (151,251) (173,273) (95,195) (179,279) (107,207) (141,241) (7,107) (189,289) (103,203) (153,253) (12,112) (155,255) (99,199) (101,201) (20,120) (191,291) (143,243) (149,249) (79,179) (175,275) (91,191) (93,193) (36,136) (177,277) (87,187) (145,245) (44,144) (147,247) (83,183) (85,185) (52,152) 
Level[7]-> (199,299) (137,237) (167,267) (65,165) (181,281) (109,209) (127,227) (68,168) (187,287) (73,173) (139,239) (76,176) (157,257) (80,180) (82,182) (84,184) (193,293) (129,229) (135,235) (92,192) (169,269) (96,196) (98,198) (100,200) (171,271) (104,204) (131,231) (108,208) (133,233) (112,212) (114,214) (116,216) (195,295) (121,221) (159,259) (124,224) (165,265) (128,228) (130,230) (132,232) (183,283) (136,236) (138,238) (140,240) (142,242) (144,244) (146,246) (148,248) (185,285) (152,252) (154,254) (156,256) (161,261) (160,260) (162,262) (164,264) (166,266) (168,268) (170,270) (172,272) (174,274) (176,276) (178,278) (180,280) (197,297) (184,284) (186,286) (188,288) (190,290) (192,292) (194,294) (196,296) (198,298) 
0: RBI got (0,100) and TRUE
2: RBI got (2,102) and TRUE
4: RBI got (15,115) and TRUE
6: RBI got (22,122) and TRUE
8: RBI got (49,149) and TRUE

Done with removing KVs.
Heap contents are: 
The Heap Count is    195
The Heap Capacity is 200
Level[0]-> (1,101) 
Level[1]-> (13,113) (3,103) 
Level[2]-> (47,147) (17,117) (4,104) (24,124) 
Level[3]-> (54,154) (51,151) (33,133) (19,119) (5,105) (6,106) (26,126) (38,138) 
Level[4]-> (56,156) (67,167) (59,159) (53,153) (43,143) (35,135) (27,127) (21,121) (11,111) (7,107) (8,108) (14,114) (28,128) (30,130) (40,140) (46,146) 
Level[5]-> (58,158) (62,162) (70,170) (69,169) (86,186) (61,161) (57,157) (55,155) (118,218) (45,145) (41,141) (37,137) (113,213) (29,129) (25,125) (23,123) (105,205) (77,177) (9,109) (141,241) (97,197) (10,110) (16,116) (18,118) (89,189) (79,179) (32,132) (34,134) (81,181) (42,142) (48,148) (50,150) 
Level[6]-> (75,175) (60,160) (64,164) (66,166) (72,172) (74,174) (78,178) (71,171) (88,188) (90,190) (94,194) (63,163) (102,202) (106,206) (110,210) (114,214) (120,220) (122,222) (126,226) (111,211) (134,234) (123,223) (125,225) (39,139) (150,250) (119,219) (158,258) (31,131) (163,263) (115,215) (117,217) (178,278) (182,282) (151,251) (173,273) (95,195) (179,279) (107,207) (196,296) (198,298) (189,289) (103,203) (153,253) (12,112) (155,255) (99,199) (101,201) (20,120) (191,291) (143,243) (149,249) (192,292) (175,275) (91,191) (93,193) (36,136) (177,277) (87,187) (145,245) (44,144) (147,247) (83,183) (85,185) (52,152) 
Level[7]-> (199,299) (137,237) (167,267) (65,165) (181,281) (109,209) (127,227) (68,168) (187,287) (73,173) (139,239) (76,176) (157,257) (80,180) (82,182) (84,184) (193,293) (129,229) (135,235) (92,192) (169,269) (96,196) (98,198) (100,200) (171,271) (104,204) (131,231) (108,208) (133,233) (112,212) (190,290) (116,216) (195,295) (121,221) (159,259) (124,224) (165,265) (128,228) (130,230) (132,232) (183,283) (136,236) (138,238) (140,240) (142,242) (144,244) (146,246) (148,248) (185,285) (152,252) (154,254) (156,256) (161,261) (160,260) (162,262) (164,264) (166,266) (168,268) (170,270) (172,272) (174,274) (176,276) (194,294) (180,280) (197,297) (184,284) (186,286) (188,288) 
Heap count after clear is now 0
all done 
