PQ count is 200
PQ contents are: 
The Heap Count is    200
The Heap Capacity is 200
Level[0]-> (0,100) 
Level[1]-> (13,113) (1,101) 
Level[2]-> (47,147) (15,115) (2,102) (22,122) 
Level[3]-> (54,154) (49,149) (33,133) (17,117) (3,103) (6,106) (24,124) (38,138) 
Level[4]-> (56,156) (67,167) (59,159) (51,151) (43,143) (35,135) (27,127) (19,119) (11,111) (4,104) (8,108) (14,114) (26,126) (30,130) (40,140) (46,146) 
Level[5]-> (58,158) (62,162) (70,170) (69,169) (86,186) (61,161) (57,157) (53,153) (118,218) (45,145) (41,141) (37,137) (113,213) (29,129) (25,125) (21,121) (105,205) (77,177) (9,109) (5,105) (97,197) (10,110) (16,116) (18,118) (89,189) (28,128) (32,132) (34,134) (81,181) (42,142) (48,148) (50,150) 
Level[6]-> (75,175) (60,160) (64,164) (66,166) (72,172) (74,174) (78,178) (71,171) (88,188) (90,190) (94,194) (63,163) (102,202) (106,206) (110,210) (55,155) (120,220) (122,222) (126,226) (111,211) (134,234) (123,223) (125,225) (39,139) (150,250) (119,219) (158,258) (31,131) (163,263) (115,215) (117,217) (23,123) (182,282) (151,251) (173,273) (95,195) (179,279) (107,207) (141,241) (7,107) (189,289) (103,203) (153,253) (12,112) (155,255) (99,199) (101,201) (20,120) (191,291) (143,243) (149,249) (79,179) (175,275) (91,191) (93,193) (36,136) (177,277) (87,187) (145,245) (44,144) (147,247) (83,183) (85,185) (52,152) 
Level[7]-> (199,299) (137,237) (167,267) (65,165) (181,281) (109,209) (127,227) (68,168) (187,287) (73,173) (139,239) (76,176) (157,257) (80,180) (82,182) (84,184) (193,293) (129,229) (135,235) (92,192) (169,269) (96,196) (98,198) (100,200) (171,271) (104,204) (131,231) (108,208) (133,233) (112,212) (114,214) (116,216) (195,295) (121,221) (159,259) (124,224) (165,265) (128,228) (130,230) (132,232) (183,283) (136,236) (138,238) (140,240) (142,242) (144,244) (146,246) (148,248) (185,285) (152,252) (154,254) (156,256) (161,261) (160,260) (162,262) (164,264) (166,266) (168,268) (170,270) (172,272) (174,274) (176,276) (178,278) (180,280) (197,297) (184,284) (186,286) (188,288) (190,290) (192,292) (194,294) (196,296) (198,298) 
0: deq got (0,100) and TRUE
1: deq got (1,101) and TRUE
2: deq got (2,102) and TRUE
3: deq got (3,103) and TRUE
4: deq got (4,104) and TRUE
5: deq got (5,105) and TRUE
6: deq got (6,106) and TRUE
7: deq got (7,107) and TRUE
8: deq got (8,108) and TRUE
9: deq got (9,109) and TRUE
PQ Clear completed.
The Heap Count is    0
The Heap Capacity is 200
all done 
